0	0 0
0.05	0.05 0.00125
0.1	0.1 0.005
0.15	0.15 0.01125
0.2	0.2 0.02
0.25	0.25 0.03125
0.3	0.3 0.045
0.35	0.35 0.06125
0.4	0.4 0.08
0.45	0.45 0.10125
0.5	0.5 0.125
0.55	0.55 0.15125
0.6	0.6 0.18
0.65	0.65 0.21125
0.7	0.7 0.245
0.75	0.75 0.28125
0.8	0.8 0.32
0.85	0.85 0.36125
0.9	0.9 0.405
0.95	0.95 0.45125
1	1 0.5
1.05	0.899999999999999 0.5475
1.1	0.799999999999999 0.59
1.15	0.699999999999999 0.6275
1.2	0.599999999999999 0.66
1.25	0.499999999999999 0.6875
1.3	0.399999999999999 0.71
1.35	0.299999999999999 0.7275
1.4	0.199999999999999 0.74
1.45	0.0999999999999988 0.7475
1.5	-1.33226762955019E-15 0.75
1.55	-0.100000000000001 0.7475
1.6	-0.200000000000002 0.74
1.65	-0.300000000000002 0.7275
1.7	-0.400000000000002 0.71
1.75	-0.500000000000002 0.6875
1.8	-0.600000000000002 0.659999999999999
1.85	-0.700000000000002 0.627499999999999
1.9	-0.800000000000002 0.589999999999999
1.95	-0.900000000000002 0.547499999999999
2	-0.999999999999998 0.499999999999999
2.05	-0.874999999999998 0.453124999999999
2.1	-0.749999999999999 0.4125
2.15	-0.624999999999999 0.378125
2.2	-0.5 0.35
2.25	-0.375 0.328125
2.3	-0.25 0.3125
2.35	-0.125000000000001 0.303125
2.4	-1.33226762955019E-15 0.3
2.45	0.124999999999998 0.303125
2.5	0.249999999999998 0.3125
2.55	0.374999999999997 0.328125
2.6	0.499999999999997 0.349999999999999
2.65	0.624999999999996 0.378124999999999
2.7	0.749999999999996 0.412499999999999
2.75	0.874999999999996 0.453124999999998
2.8	0.999999999999995 0.499999999999998
2.85	1.12499999999999 0.553124999999998
2.9	1.24999999999999 0.612499999999997
2.95	1.37499999999999 0.678124999999997
3	1.49999999999999 0.749999999999996
3.05	1.62499999999999 0.828124999999995
3.1	1.74999999999999 0.912499999999995
3.15	1.87499999999999 1.00312499999999
3.2	1.99999999999999 1.09999999999999
3.25	2.12499999999999 1.20312499999999
3.3	2.24999999999999 1.31249999999999
3.35	2.37499999999999 1.42812499999999
3.4	2.49999999999999 1.54999999999999
3.45	2.62499999999999 1.67812499999999
3.5	2.74999999999999 1.81249999999999
3.55	2.87499999999999 1.95312499999999
3.6	2.99999999999999 2.09999999999999
3.65	3.12499999999999 2.25312499999998
3.69999999999999	3.24999999999999 2.41249999999998
3.74999999999999	3.37499999999999 2.57812499999998
3.79999999999999	3.49999999999999 2.74999999999998
3.84999999999999	3.62499999999999 2.92812499999998
3.89999999999999	3.74999999999999 3.11249999999998
3.94999999999999	3.87499999999998 3.30312499999998
3.99999999999999	3.99999999999998 3.49999999999997
4.04999999999999	3.85000000000002 3.69624999999998
4.09999999999999	3.70000000000002 3.88499999999998
4.14999999999999	3.55000000000002 4.06624999999998
4.19999999999999	3.40000000000002 4.23999999999998
4.24999999999999	3.25000000000002 4.40624999999998
4.29999999999999	3.10000000000002 4.56499999999998
4.34999999999999	2.95000000000002 4.71624999999998
4.39999999999999	2.80000000000002 4.85999999999998
4.44999999999999	2.65000000000002 4.99624999999998
4.49999999999999	2.50000000000002 5.12499999999998
4.54999999999999	2.35000000000002 5.24624999999998
4.59999999999999	2.20000000000003 5.35999999999998
4.64999999999999	2.05000000000003 5.46624999999998
4.69999999999999	1.90000000000003 5.56499999999998
4.74999999999999	1.75000000000003 5.65624999999998
4.79999999999999	1.60000000000003 5.73999999999999
4.84999999999999	1.45000000000003 5.81624999999999
4.89999999999999	1.30000000000003 5.88499999999999
4.94999999999999	1.15000000000003 5.94624999999999
4.99999999999999	1.00000000000003 5.99999999999999
5.04999999999999	0.85000000000003 6.04624999999999
5.09999999999999	0.70000000000003 6.08499999999999
5.14999999999999	0.550000000000031 6.11624999999999
5.19999999999999	0.400000000000031 6.14
5.24999999999999	0.250000000000032 6.15625
5.29999999999999	0.100000000000033 6.165
5.34999999999999	-0.049999999999967 6.16625
5.39999999999999	-0.199999999999966 6.16
5.44999999999999	-0.349999999999966 6.14625
5.49999999999999	-0.499999999999965 6.12500000000001
5.54999999999999	-0.649999999999965 6.09625000000001
5.59999999999999	-0.799999999999964 6.06000000000001
5.64999999999999	-0.949999999999964 6.01625000000001
5.69999999999999	-1.09999999999996 5.96500000000001
5.74999999999999	-1.24999999999996 5.90625000000002
5.79999999999999	-1.39999999999996 5.84000000000002
5.84999999999999	-1.54999999999996 5.76625000000002
5.89999999999999	-1.69999999999996 5.68500000000002
5.94999999999999	-1.84999999999996 5.59625000000002
5.99999999999999	-1.99999999999996 5.50000000000003
6.04999999999999	-2.02499999999999 5.39937500000003
6.09999999999999	-2.04999999999999 5.29750000000003
6.14999999999999	-2.07499999999999 5.19437500000003
6.19999999999999	-2.09999999999999 5.09000000000003
6.24999999999999	-2.12499999999999 4.98437500000003
6.29999999999999	-2.14999999999999 4.87750000000003
6.34999999999999	-2.17499999999999 4.76937500000003
6.39999999999999	-2.19999999999999 4.66000000000003
6.44999999999999	-2.22499999999999 4.54937500000003
6.49999999999998	-2.24999999999999 4.43750000000003
6.54999999999998	-2.27499999999999 4.32437500000003
6.59999999999998	-2.29999999999999 4.21000000000004
6.64999999999998	-2.32499999999999 4.09437500000004
6.69999999999998	-2.34999999999999 3.97750000000004
6.74999999999998	-2.37499999999999 3.85937500000004
6.79999999999998	-2.39999999999999 3.74000000000004
6.84999999999998	-2.42499999999999 3.61937500000004
6.89999999999998	-2.44999999999999 3.49750000000004
6.94999999999998	-2.47499999999999 3.37437500000004
6.99999999999998	-2.49999999999999 3.25000000000004
7.04999999999998	-2.52499999999999 3.12437500000004
7.09999999999998	-2.54999999999999 2.99750000000004
7.14999999999998	-2.57499999999999 2.86937500000004
7.19999999999998	-2.59999999999999 2.74000000000005
7.24999999999998	-2.62499999999999 2.60937500000005
7.29999999999998	-2.64999999999999 2.47750000000005
7.34999999999998	-2.67499999999999 2.34437500000005
7.39999999999998	-2.69999999999999 2.21000000000005
7.44999999999998	-2.72499999999999 2.07437500000005
7.49999999999998	-2.74999999999999 1.93750000000005
7.54999999999998	-2.77499999999999 1.79937500000005
7.59999999999998	-2.79999999999999 1.66000000000005
7.64999999999998	-2.82499999999999 1.51937500000005
7.69999999999998	-2.84999999999999 1.37750000000005
7.74999999999998	-2.87499999999999 1.23437500000006
7.79999999999998	-2.89999999999999 1.09000000000006
7.84999999999998	-2.92499999999999 0.944375000000059
7.89999999999998	-2.94999999999999 0.797500000000059
7.94999999999998	-2.97499999999999 0.64937500000006
7.99999999999998	-2.99999999999999 0.500000000000061
8.04999999999998	-2.87500000000005 0.353125000000059
8.09999999999998	-2.75000000000005 0.212500000000055
8.14999999999998	-2.62500000000005 0.0781250000000503
8.19999999999998	-2.50000000000005 -0.0499999999999539
8.24999999999998	-2.37500000000004 -0.171874999999958
8.29999999999998	-2.25000000000004 -0.287499999999962
8.34999999999998	-2.12500000000004 -0.396874999999965
8.39999999999998	-2.00000000000004 -0.499999999999969
8.44999999999999	-1.87500000000004 -0.596874999999972
8.49999999999999	-1.75000000000004 -0.687499999999975
8.54999999999999	-1.62500000000003 -0.771874999999978
8.59999999999999	-1.50000000000003 -0.849999999999981
8.64999999999999	-1.37500000000003 -0.921874999999983
8.69999999999999	-1.25000000000003 -0.987499999999986
8.74999999999999	-1.12500000000003 -1.04687499999999
8.79999999999999	-1.00000000000002 -1.09999999999999
8.84999999999999	-0.875000000000023 -1.14687499999999
8.89999999999999	-0.750000000000021 -1.18749999999999
8.94999999999999	-0.62500000000002 -1.221875
8.99999999999999	-0.500000000000018 -1.25
9.04999999999999	-0.375000000000016 -1.271875
9.09999999999999	-0.250000000000014 -1.2875
9.15	-0.125000000000012 -1.296875
9.2	-1.06581410364015E-14 -1.3
9.25	0.124999999999991 -1.296875
9.3	0.249999999999993 -1.2875
9.35	0.374999999999995 -1.271875
9.4	0.499999999999996 -1.25
9.45	0.624999999999998 -1.221875
9.5	0.75 -1.1875
9.55	0.875000000000002 -1.146875
9.6	1 -1.1
9.65	1.12500000000001 -1.046875
9.7	1.25000000000001 -0.987499999999996
9.75	1.37500000000001 -0.921874999999995
9.8	1.50000000000001 -0.849999999999994
9.85	1.62500000000001 -0.771874999999992
9.90000000000001	1.75000000000001 -0.68749999999999
9.95000000000001	1.87500000000002 -0.596874999999988
