0.0078125	0.00881533317258332	127.430455023971  4.8475707649937
0.015625	0.0176295767379393	63.438019782155  4.15006336281286
0.0234375	0.0264416577704696	42.1121454038409  3.74033618848567
0.03125	0.0352505029818697	31.4528348390204  3.44848911704994
0.0390625	0.0440550401240497	25.0600906796361  3.22127656796242
0.046875	0.0528541983908957	20.8005820624815  3.03498097008888
0.0546875	0.061646908818629	17.760025657726  2.87695018225476
0.0625	0.0704321046845497	15.4812809180362  2.73963161138143
0.0703125	0.0792087219039295	13.7103818299608  2.61815334365766
0.078125	0.0879756994248498	12.294949615917  2.50918857772702
0.0859375	0.0967319796207445	11.1380166908766  2.41036418371875
0.09375	0.105476508680438	10.1749386417863  2.3199277010192
0.1015625	0.114208236995463	9.36096221742979  2.2365480862133
0.109375	0.122926119544425	8.66412132347061  2.15919051277131
0.1171875	0.131629116274228	8.06097462021603  2.08703446983056
0.125	0.140316192477912	7.53394152188078  2.01941834734442
0.1328125	0.14898631916893	7.0695784319952  1.95580085040723
0.140625	0.157638473451622	6.65742956754252  1.89573345923467
0.1484375	0.166271638887711	6.28924068121608  1.83884034501768
0.15625	0.174884805858601	5.95840866743369  1.78480344331741
0.1640625	0.183476971923278	5.65958842416972  1.73335117299333
0.171875	0.192047142171631	5.38840693464625  1.68424978179977
0.1796875	0.200594329572987	5.14125193673552  1.63729661726761
0.1875	0.209117555319681	4.91511342531079  1.59231483071043
0.1953125	0.217615849165467	4.70746319430631  1.54914916299631
0.203125	0.226088249758601	4.51616217701468  1.50766255729333
0.2109375	0.234533804969402	4.33938837766031  1.46773341137482
0.21875	0.242951572212135	4.17558024641921  1.42925332982408
0.2265625	0.251340618761039	4.02339177014862  1.39212527081355
0.234375	0.259700022060334	3.88165654515144  1.35626200714692
0.2421875	0.26802887002805	3.74935880376702  1.32158483970048
0.25	0.276326261353527	3.62560987363124  1.28802251515743
0.2578125	0.284591305788429	3.5096289172152  1.25551031029774
0.265625	0.292823124431129	3.40072707040258  1.22398925299675
0.2734375	0.301020850004332	3.29829430029221  1.19340545614526
0.28125	0.309183627125788	3.20178845348268  1.16370954539721
0.2890625	0.317310612571977	3.11072608041863  1.13485616531466
0.296875	0.325400975534636	3.02467470862484  1.10680355136168
0.3046875	0.333453897870014	2.94324630476761  1.07951315748149
0.3125	0.341468574340735	2.86609171749436  1.05294933081101
0.3203125	0.349444212850166	2.79289593359865  1.02707902654767
0.328125	0.357380034669189	2.72337401195216  1.00187155716158
0.3359375	0.365275274655282	2.65726758486745  0.977298371103683
0.34375	0.37312918146381	2.5943418366147  0.953332856940169
0.3515625	0.380941017751454	2.53438288486635  0.929950169484784
0.359375	0.38871006037169	2.47719550375189  0.907127075027597
0.3671875	0.396435600562254	2.42260113764215  0.884841813195992
0.375	0.40411694412452	2.37043616326337  0.863073973346876
0.3828125	0.411753411594733	2.32055036466285  0.841804383692327
0.390625	0.41934433840704	2.27280559122539  0.821015011615264
0.3984375	0.426889075048283	2.22707457361389  0.800688873845655
0.40625	0.434386987204493	2.1832398763737  0.780809955348568
0.4140625	0.441837455899066	2.14119296914894  0.761363135928552
0.421875	0.449239877622579	2.10083340113401  0.742334123685059
0.4296875	0.456593664454235	2.06206806561962  0.723709394564814
0.4375	0.463898244174907	2.02481054337032  0.705476137352132
0.4453125	0.471153060371775	1.98898051515153  0.687622203519943
0.453125	0.478357572534555	1.95450323505878  0.670136061434348
0.4609375	0.48551125614331	1.9213090574348  0.653006754466443
0.46875	0.492613602747862	1.88933301112117  0.636223862617527
0.4765625	0.499664120038811	1.85851441561193  0.619777467309395
0.484375	0.506662331910174	1.82879653437741  0.603658119031139
0.4921875	0.51360777851368	1.80012626122723  0.587856807568302
0.5	0.520500016304747	1.77245383609822  0.572364934570578
0.5078125	0.527338618080171	1.74573258709766  0.557174288240684
0.515625	0.534123173007574	1.7199186960163  0.542277019950144
0.5234375	0.54085328664666	1.69497098485862  0.527665622608387
0.53125	0.547528580962327	1.67085072122612  0.513332910629305
0.5390625	0.554148694329694	1.64752144064035  0.49927200135558
0.546875	0.560713281531108	1.62494878411119  0.485476297814979
0.5546875	0.5672220137452	1.60310034944686  0.471939472695412
0.5625	0.57367457852806	1.58194555496902  0.458655453436564
0.5703125	0.580070679786618	1.56145551444307  0.445618408345787
0.578125	0.5864100377443	1.54160292216235  0.432822733654851
0.5859375	0.592692388899069	1.52236194723786  0.420263041441658
0.59375	0.598917485973922	1.50370813624555  0.407934148348516
0.6015625	0.605085097859955	1.48561832347082  0.395831065034429
0.609375	0.611195009552093	1.46807054806813  0.383948986304727
0.6171875	0.617247022077599	1.45104397752257  0.372283281866308
0.625	0.623240952417462	1.43451883686183  0.360829487661416
0.6328125	0.629176633420779	1.41847634312103  0.349583297736815
0.640625	0.635053913712271	1.40289864461206  0.338540556609152
0.6484375	0.640872657593025	1.38776876459155  0.327697252090337
0.65625	0.646632744934609	1.37307054896104  0.31704950854009
0.6640625	0.652334071066691	1.35878861766676  0.306593580515278
0.671875	0.657976546658275	1.34490831949778  0.296325846788364
0.6796875	0.663560097592724	1.3314156900088  0.286242804709293
0.6875	0.669084664836671	1.31829741231897  0.276341064887473
0.6953125	0.674550204302999	1.30554078056006  0.266617346172086
0.703125	0.679956686708001	1.29313366576807  0.257068470910832
0.7109375	0.685304097422901	1.28106448402976  0.24769136046869
0.71875	0.690592436319856	1.26932216671272  0.238483030989686
0.7265625	0.695821717612614	1.25789613262169  0.229440589385982
0.734375	0.700991969691978	1.24677626193778  0.220561229539696
0.7421875	0.706103234956227	1.23595287180877  0.211842228703994
0.75	0.711155569636656	1.22541669347033  0.203280944091058
0.7578125	0.716149043618411	1.21515885078716  0.194874809635206
0.765625	0.721083740256746	1.20517084011282  0.186621332920586
0.7734375	0.725959756188913	1.19544451137469  0.178518092263306
0.78125	0.730777201141808	1.18597205029816  0.170562733938789
0.7890625	0.735536197735567	1.17674596169121  0.162752969545796
0.796875	0.740236881283268	1.16775905371625  0.155086573498909
0.8046875	0.744879399586902	1.15900442308214  0.147561380642082
0.8125	0.749463912729804	1.15047544109433  0.140175283976298
0.8203125	0.753990592865684	1.1421657405059  0.132926232494728
0.828125	0.758459624004451	1.13406920311636  0.125812229119374
0.8359375	0.762871201794986	1.12617994806935  0.118831328733455
0.84375	0.767225533305043	1.11849232080377  0.111981636304248
0.8515625	0.771522836798446	1.11100088261645  0.105261305091427
0.859375	0.775763341509744	1.10370040079711  0.0986685349361789
0.8671875	0.779947287416506	1.0965858392997  0.0922015706267583
0.875	0.784074925009414	1.0896523499164  0.0858587003364458
0.8828125	0.788146515060328	1.08289526392316  0.0796382541299878
0.890625	0.792162328388496	1.07631008416762  0.0735386025349576
0.8984375	0.796122645625056	1.0698924775726  0.0675581551746283
0.90625	0.800027756976023	1.06363826803  0.0616953594592935
0.9140625	0.803877961983899	1.05754342966145  0.0559486993327942
0.921875	0.80767356928809	1.05160408042435  0.0503166940717941
0.9296875	0.81141489638428	1.04581647604255  0.0447978971348344
0.9375	0.815102269382926	1.04017700424284  0.0393908950588619
0.9453125	0.818736022767028	1.03468217927954  0.0340943064008544
0.953125	0.822316499149344	1.0293286367306  0.0289067807222884
0.9609375	0.825844049029189	1.02411312854962  0.0238269976144056
0.96875	0.829319030548979	1.01903251835948  0.0188536657623025
0.9765625	0.832741809250674	1.01408377697391  0.0139855220459714
0.984375	0.836112757832261	1.00926397813425  0.00922133067655486
0.9921875	0.839432255904431	1.00457029444968  0.00455988236614
1	0.84270068974759	0.999999989064903  -1.09350976051914E-08
1.0078125	0.845918452069347	0.995550429874774  -0.00445949892591836
1.015625	0.84908594176262	0.991219059096171  -0.00881972054680919
1.0234375	0.852203563664492	0.98700340790252  -0.0130817867658417
1.03125	0.855271728315962	0.982901088719387  -0.0172467857497881
1.0390625	0.858290851722703	0.978909792173285  -0.0213157835231012
1.046875	0.861261355116982	0.975027284178821  -0.0252898246026789
1.0546875	0.864183664720841	0.97125140315689  -0.0291699326095451
1.0625	0.867058211510683	0.967580057377265  -0.032957110858347
1.0703125	0.869885430983367	0.964011222419121  -0.0366523429257421
1.078125	0.872665762923944	0.960542938743516  -0.0402565931985489
1.0859375	0.875399651175131	0.957173309372212  -0.043770807402492
1.09375	0.878087543408649	0.953900497667461  -0.0471959131124192
1.1015625	0.880729890898522	0.950722725207713  -0.050532820244785
1.109375	0.883327148296448	0.947638269754598  -0.0537824215330526
1.1171875	0.885879773409332	0.944645463306566  -0.056945592986843
1.125	0.888388226979099	0.941742690235098  -0.0600231943354142
1.1328125	0.890852972464859	0.938928385499363  -0.0630160694561733
1.140625	0.893274475827527	0.936201032935666  -0.0659250467887834
1.1484375	0.895653205316985	0.933559163618011  -0.0687509397355008
1.15625	0.897989631261869	0.931001354286515  -0.0714945470482178
1.1640625	0.900284225862059	0.928526225840345  -0.0741566532028686
1.171875	0.902537462983956	0.926132441892324  -0.0767380287615267
1.1796875	0.904749817958615	0.923818707382164  -0.0792394307228594
1.1875	0.906921767382802	0.921583767245773  -0.0816616028612438
1.1953125	0.909053788923056	0.919426405137951  -0.0840052760551038
1.203125	0.911146361122801	0.917345442206107  -0.0862711686048002
1.2109375	0.913199963212582	0.915339735912721  -0.0884599865404722
1.21875	0.91521507492348	0.913408178904201  -0.0905724239203313
1.2265625	0.917192176303756	0.911549697924297  -0.09260916311959
1.234375	0.919131747538776	0.909763252769869  -0.0945708751105424
1.2421875	0.921034268774268	0.908047835287325  -0.0964582197339945
1.25	0.922900219942947	0.906402468407809  -0.0982718459624626
1.2578125	0.924730080594557	0.904826205219544  -0.100012392155395
1.265625	0.926524329729362	0.903318128075684  -0.101680486306708
1.2734375	0.928283445635124	0.901877347736151  -0.103276746284942
1.28125	0.930007905727592	0.900503002542003  -0.104801780066295
1.2890625	0.931698186394541	0.89919425762101  -0.106256185960733
1.296875	0.933354762843371	0.897950304123  -0.107640552831553
1.3046875	0.934978108952306	0.89677035848388  -0.108955460308479
1.3125	0.936568697125191	0.895653661716989  -0.110201478994666
1.3203125	0.938126998149919	0.894599478730817  -0.111379170667644
1.328125	0.939653481060497	0.893607097671803  -0.112489088474667
1.3359375	0.94114861300275	0.89267582929141  -0.113531777122372
1.34375	0.942612859103685	0.891805006336303  -0.114507773061187
1.3515625	0.94404668234451	0.890993982960827  -0.115417604664514
1.359375	0.945450543437315	0.890242134160835  -0.116261792402925
1.3671875	0.946824900705406	0.889548855227976  -0.117040849013567
1.375	0.948170209967293	0.888913561223765  -0.11775527966485
1.3828125	0.94948692442433	0.888335686472498  -0.118405582116663
1.390625	0.950775494551989	0.887814684072418  -0.118992246876207
1.3984375	0.952036367994763	0.887350025424286  -0.119515757349637
1.40625	0.953269989464677	0.886941199776816  -0.119976589989621
1.4140625	0.954476800643407	0.886587713788234  -0.120375214438944
1.421875	0.955657240087964	0.886289091103411  -0.120712093670284
1.4296875	0.956811743139944	0.886044871945929  -0.120987684122332
1.4375	0.957940741838313	0.885854612724515  -0.121202435832336
1.4453125	0.9590446648357	0.885717885653414  -0.121356792565124
1.453125	0.960123937318175	0.88563427838601  -0.121451191938849
1.4609375	0.961178980928479	0.885603393661353  -0.121486065547454
1.46875	0.962210213692685	0.885624848963048  -0.121461839079989
1.4765625	0.963218049950243	0.885698276190062  -0.121378932436911
1.484375	0.964202900287389	0.885823321339059  -0.121237759843386
1.4921875	0.965165171473873	0.885999644197776  -0.121038729959783
1.5	0.966105266402972	0.886226918049109  -0.120782245989367
1.5078125	0.96702358403475	0.886504829385533  -0.120468705783296
1.515625	0.967920519342523	0.886833077633404  -0.120098501943048
1.5234375	0.968796463262489	0.887211374886934  -0.119672021920264
1.53125	0.969651802646473	0.887639445651378  -0.119189648114205
1.5390625	0.970486920217758	0.888117026595191  -0.118651757966778
1.546875	0.971302194529939	0.888643866310808  -0.118058724055279
1.5546875	0.972097999928765	0.889219725083803  -0.117410914182889
1.5625	0.972874706516915	0.889844374670072  -0.116708691466998
1.5703125	0.973632680121665	0.890517598080812  -0.11595241442544
1.578125	0.974372282265392	0.891239189375109  -0.115142437060597
1.5859375	0.975093870138865	0.892008953459681  -0.114279108941648
1.59375	0.97579779657727	0.892826705895794  -0.113362775284771
1.6015625	0.976484410038929	0.893692272712916  -0.112393777031504
1.609375	0.977154054586638	0.894605490229015  -0.111372450925298
1.6171875	0.977807069871595	0.895566204877211  -0.110299129586288
1.625	0.978443791119842	0.896574273038643  -0.109174141584319
1.6328125	0.979064549121189	0.897629560881278  -0.107997811510363
1.640625	0.979669670220542	0.898731944204598  -0.106770460046212
1.6484375	0.980259476311599	0.899881308289831  -0.105492404032682
1.65625	0.98083428483285	0.901077547755684  -0.104163956536213
1.6640625	0.98139440876582	0.902320566419335  -0.102785426914022
1.671875	0.981940156635514	0.90361027716257  -0.101357120877745
1.6796875	0.982471832512993	0.90494660180286  -0.0998793405557407
1.6875	0.98298973602003	0.906329470969289  -0.0983523845539377
1.6953125	0.983494162335797	0.907758823983168  -0.0967765480153913
1.703125	0.98398540220551	0.909234608743173  -0.0951521226785198
1.7109375	0.984463741950994	0.910756781614909  -0.0934793969340776
1.71875	0.984929463483104	0.912325307324766  -0.0917586558808909
1.7265625	0.985382844315934	0.913940158857949  -0.0899901813803795
1.734375	0.985824157582785	0.915601317360559  -0.0881742521099168
1.7421875	0.98625367205381	0.917308772045573  -0.0863111436150822
1.75	0.986671652155294	0.919062520102744  -0.0844011283607229
1.7578125	0.987078357990514	0.920862566612141  -0.0824444757810285
1.765625	0.987474045362119	0.922708924461381  -0.0804414523284588
1.7734375	0.987858965795976	0.924601614266365  -0.0783923215217214
1.78125	0.988233366566433	0.926540664295439  -0.0762973439927371
1.7890625	0.988597490722943	0.928526110396972  -0.0741567775325617
1.796875	0.988951577117992	0.930557995930141  -0.0719708771364376
1.8046875	0.989295860436283	0.932636371698908  -0.0697398950478989
1.8125	0.989630571225125	0.934761295889145  -0.0674640808019462
1.8203125	0.989955935925966	0.936932834008748  -0.0651436812673661
1.828125	0.990272176907034	0.939151058830738  -0.0627789406881757
1.8359375	0.990579512497025	0.941416050339219  -0.0603701007242556
1.84375	0.990878157019788	0.943727895678182  -0.0579174004911494
1.8515625	0.991168320829965	0.946086689103073  -0.0554210765990463
1.859375	0.991450210349533	0.948492531935019  -0.052881363191022
1.8671875	0.991724028105199	0.950945532517709  -0.0502984919805247
1.875	0.99198997276661	0.953445806176854  -0.0476726922880768
1.8828125	0.992248239185314	0.955993475182162  -0.0450041910772888
1.890625	0.99249901843445	0.958588668711784  -0.0422932129901641
1.8984375	0.992742497849101	0.961231522819137  -0.0395399803817388
1.90625	0.992978861067285	0.963922180402188  -0.036744713353959
1.9140625	0.993208288071523	0.966660791174917  -0.0339076297890668
1.921875	0.993430955230956	0.969447511641196  -0.0310289453821583
1.9296875	0.993647035343962	0.972282505070806  -0.0281088736732534
1.9375	0.993856697681238	0.975165941477659  -0.0251476260787092
1.9453125	0.994060108029303	0.978097997600192  -0.0221454119220217
1.953125	0.994257428734382	0.981078856883855  -0.0191024384640722
1.9609375	0.99444881874664	0.984108709465648  -0.0160189109327941
1.96875	0.994634433664726	0.987187752160745  -0.0128950325522778
1.9765625	0.994814425780586	0.990316188451081  -0.00973100457134468
1.984375	0.994988944124515	0.993494228475903  -0.0065270262915843
1.9921875	0.995158134510414	0.996722089024292  -0.0032832950948859
2	0.995322139581219	0.999999989064903  -1.09350976051914E-08
2.0078125	0.995481098854461	1.00332816760817  0.00332264151613659
2.015625	0.995635148767941	1.00670685689455  0.00668446598915606
2.0234375	0.995784422725473	1.01013630027524  0.0100852725156927
2.03125	0.995929051142677	1.01361674774187  0.0135248729169656
2.0390625	0.996069161492787	1.01714845593005  0.0170030807790355
2.046875	0.996204878352449	1.0207316881247  0.0205197114286153
2.0546875	0.996336323447476	1.02436671426703  0.0240745819092671
2.0625	0.996463615698547	1.02805381096334  0.0276675109580878
2.0703125	0.996586871266804	1.03179326149547  0.0312983189827657
2.078125	0.996706203599348	1.03558535583285  0.0349668280390386
2.0859375	0.996821723474582	1.03943039064639  0.0386728618085825
2.09375	0.996933539047404	1.04332866932379  0.042416245577268
2.1015625	0.997041755894214	1.04728050198662  0.0461968062137661
2.109375	0.997146477057709	1.05128620550901  0.0500143721485909
2.1171875	0.997247803091466	1.0553461035378  0.0538687733534471
2.125	0.99734583210427	1.05946052651448  0.0577598413209692
2.1328125	0.997440659804185	1.0636298116985  0.061687409044784
2.140625	0.997532379542339	1.06785430319224  0.0656513109999358
2.1484375	0.997621082356418	1.07213435196756  0.0696513831236183
2.15625	0.997706857013839	1.07647031589378  0.0736874627962801
2.1640625	0.997789790054594	1.08086255976728  0.0777593888229734
2.171875	0.997869965833755	1.08531145534257  0.0818670014151118
2.1796875	0.997947466563611	1.0898173813649  0.0860101421724477
2.1875	0.998022372355439	1.09438072360436  0.0901886540654154
2.1953125	0.99809476126089	1.09900187489146  0.0944023814177145
2.203125	0.998164709312972	1.10368123515422  0.0986511698892117
2.2109375	0.998232290566633	1.10841921145681  0.102934866459157
2.21875	0.998297577138918	1.1132162180395  0.107253319409589
2.2265625	0.998360639248701	1.11807267636027  0.111606378309101
2.234375	0.998421545255981	1.12298901513781  0.115993893996807
2.2421875	0.998480361700722	1.12796567039597  0.12041571856662
2.25	0.99853715334125	1.13300308550976  0.124871705351747
2.2578125	0.99859198319218	1.13810171125271  0.129361708909451
2.265625	0.998644912561874	1.14326200584579  0.133885585006059
2.2734375	0.99869600108943	1.14848443500775  0.138443190602203
2.28125	0.99874530678118	1.15376947200694  0.143034383838286
2.2890625	0.998792886046711	1.15911759771458  0.147659024020231
2.296875	0.998838793734389	1.16452930065952  0.152316971605373
2.3046875	0.998883083166388	1.17000507708444  0.157008088188659
2.3125	0.998925806173226	1.17554543100355  0.161732236488976
2.3203125	0.998967013127791	1.18115087426178  0.166489280335812
2.328125	0.99900675297887	1.18682192659536  0.171279084655978
2.3359375	0.999045073284164	1.19255911569399  0.176101515460671
2.34375	0.9990820202428	1.19836297726441  0.180956439832649
2.3515625	0.999117638727329	1.20423405509549  0.185843725913648
2.359375	0.999151972315219	1.21017290112488  0.190763242891986
2.3671875	0.999185063319826	1.216180075507  0.19571486099033
2.375	0.999216952820867	1.22225614668268  0.200698451453684
2.3828125	0.999247680694371	1.22840169145025  0.205713886537549
2.390625	0.999277285642123	1.23461729503821  0.210761039496261
2.3984375	0.999305805220598	1.24090355117928  0.215839784571501
2.40625	0.999333275869388	1.24726106218615  0.220949996980972
2.4140625	0.99935973293912	1.25369043902867  0.226091552907265
2.421875	0.999385210718868	1.26019230141266  0.231264329486894
2.4296875	0.999409742463065	1.2667672778602  0.236468204799472
2.4375	0.999433360417915	1.27341600579149  0.241703057857033
2.4453125	0.999456095847301	1.28013913160845  0.246968768593584
2.453125	0.999477979058207	1.28693731077967  0.252265217854735
2.4609375	0.999499039425643	1.29381120792713  0.257592287387515
2.46875	0.999519305417082	1.30076149691448  0.262949859830343
2.4765625	0.999538804616416	1.30778886093689  0.268337818703114
2.484375	0.99955756374743	1.31489399261267  0.273756048397483
2.4921875	0.999575608696797	1.32207759407637  0.27920443416723
2.5	0.999592964536606	1.32934037707366  0.284682862118797
2.5078125	0.999609655546418	1.33668306305787  0.290191219201972
2.515625	0.999625705234861	1.34410638328813  0.295729393200663
2.5234375	0.999641136360769	1.35161107892931  0.301297272723865
2.53125	0.999655970953862	1.35919790115367  0.306894747196695
2.5390625	0.999670230334984	1.36686761124416  0.312521706851593
2.546875	0.999683935135895	1.37462098069953  0.318178042719639
2.5546875	0.999697105318625	1.38245879134123  0.323863646621986
2.5625	0.999709760194397	1.39038183542199  0.329578411161422
2.5703125	0.999721918442121	1.39839091573628  0.335322229714019
2.578125	0.999733598126471	1.40648684573259  0.341094996420991
2.5859375	0.999744816715545	1.41467044962746  0.346896606180522
2.59375	0.999755591098111	1.42294256252142  0.352726954639829
2.6015625	0.999765937600455	1.43130403051678  0.358585938187287
2.609375	0.999775872002829	1.43975571083732  0.364473453944666
2.6171875	0.999785409555504	1.44829847194986  0.370389399759464
2.625	0.999794564994445	1.45693319368779  0.376333674197382
2.6328125	0.999803352556595	1.46566076737646  0.382306176534831
2.640625	0.999811785994796	1.47448209596067  0.38830680675164
2.6484375	0.999819878592332	1.48339809413402  0.394335465523767
2.65625	0.999827643177119	1.49240968847035  0.400392054216182
2.6640625	0.999835092135536	1.50151781755717  0.406476474875785
2.671875	0.999842237425902	1.51072343213117  0.412588630224489
2.6796875	0.999849090591619	1.52002749521574  0.418728423652305
2.6875	0.999855662773968	1.52943098226067  0.42489575921061
2.6953125	0.999861964724583	1.53893488128396  0.431090541605451
2.703125	0.999868006817591	1.54854019301572  0.437312676190952
2.7109375	0.999873799061443	1.55824793104426  0.443562068962806
2.71875	0.99987935111042	1.56805912196444  0.449838626551853
2.7265625	0.999884672275844	1.57797480552818  0.456142256217756
2.734375	0.999889771536983	1.58799603479722  0.462472865842745
2.7421875	0.999894657551658	1.59812387629815  0.468830363925419
2.75	0.999899338666567	1.6083594101798  0.4752146595747
2.7578125	0.999903822927323	1.6187037303729  0.481625662503774
2.765625	0.999908118088214	1.62915794475213  0.48806328302421
2.7734375	0.999912231621695	1.63972317530051  0.494527432040064
2.78125	0.999916170727611	1.65040055827625  0.501018021042086
2.7890625	0.999919942342163	1.66119124438208  0.507534962102061
2.796875	0.999923553146616	1.67209639893697  0.514078167867141
2.8046875	0.999927009575762	1.68311720205037  0.520647551554277
2.8125	0.999930317826141	1.69425484879907  0.527243026944747
2.8203125	0.999933483864016	1.70551054940655  0.533864508378717
2.828125	0.99993651343313	1.71688552942494  0.540511910749909
2.8359375	0.99993941206222	1.72838102991966  0.547185149500286
2.84375	0.999942185072323	1.73999830765665  0.553884140614844
2.8515625	0.999944837583858	1.75173863529241  0.560608800616468
2.859375	0.999947374523499	1.76360330156668  0.567359046560836
2.8671875	0.99994980063084	1.77559361149791  0.574134796031369
2.875	0.999952120464865	1.7877108865816  0.580935967134297
2.8828125	0.999954338410211	1.79995646499141  0.587762478493749
2.890625	0.999956458683253	1.81233170178322  0.594614249246905
2.8984375	0.999958485337987	1.82483796910195  0.601491199039192
2.90625	0.999960422271747	1.83747665639167  0.608393248019626
2.9140625	0.999962273230731	1.85024917060824  0.615320316836043
2.921875	0.999964041815364	1.86315693643542  0.622272326630587
2.9296875	0.999965731485487	1.87620139650382  0.629249199035107
2.9375	0.999967345565382	1.88938401161296  0.636250856166656
2.9453125	0.999968887248645	1.90270626095662  0.643277220623069
2.953125	0.99997035960289	1.91616964235128  0.650328215478557
2.9609375	0.999971765574317	1.92977567246779  0.657403764279373
2.96875	0.99997310799212	1.94352588706647  0.664503791039528
2.9765625	0.99997438957276	1.95742184123534  0.671628220236558
2.984375	0.999975612924094	1.97146510963187  0.678776976807335
2.9921875	0.999976780549373	1.98565728672808  0.685949986143923
3	0.999977894851102	1.99999997812981  0.693147169624848
3.0078125	0.999978958134782	2.01449483652578  0.700368462491739
3.015625	0.999979972612514	2.02914350842808  0.707613786991156
3.0234375	0.999980940406495	2.04394767008817  0.714883070295613
3.03125	0.999981863552391	2.05890901885067  0.722176240012876
3.0390625	0.999982744002593	2.07402927341988  0.729493224182112
3.046875	0.999983583629368	2.08931017413025  0.736833951270095
3.0546875	0.9999843842279	2.10475348322054  0.744198350167415
3.0625	0.999985147519229	2.1203609851119  0.751586350184787
3.0703125	0.999985875153082	2.13613448668983  0.758997881049371
3.078125	0.999986568710613	2.15207581759015  0.76643287290112
3.0859375	0.999987229707048	2.16818683048895  0.773891256289215
3.09375	0.99998785959423	2.18446940139668  0.781372962168507
3.1015625	0.999988459763085	2.20092542995626  0.788877921895988
3.109375	0.999989031545989	2.21755683974556  0.796406067227349
3.1171875	0.999989576219065	2.23436557858395  0.803957330313531
3.125	0.999990095004387	2.25135361884328  0.811531643697349
3.1328125	0.999990589072107	2.2685229577632  0.819128940310127
3.140625	0.999991059542514	2.2858756177709  0.826749153468389
3.1484375	0.999991507488008	2.3034136468053  0.834392216870572
3.15625	0.999991933935007	2.32113911864597  0.842058064593813
3.1640625	0.999992339865788	2.33905413324637  0.849746631090695
3.171875	0.999992726220252	2.35716081707214  0.857457851186132
3.1796875	0.999993093897637	2.3754613234438  0.865191660074196
3.1875	0.999993443758151	2.39395783288453  0.872947993315048
3.1953125	0.999993776624562	2.41265255347265  0.880726786831843
3.203125	0.999994093283716	2.43154772119915  0.888527976907708
3.2109375	0.999994394488006	2.45064560033029  0.896351500182778
3.21875	0.999994680956779	2.46994848377513  0.904197293651178
3.2265625	0.9999949533777	2.48945869345842  0.912065294658134
3.234375	0.999995212408052	2.50917858069854  0.919955440897043
3.2421875	0.999995458675996	2.52911052659097  0.927867670406624
3.25	0.999995692781782	2.54925694239696  0.935801921568076
3.2578125	0.999995915298908	2.56962026993776  0.943758133102266
3.265625	0.999996126775239	2.59020298199436  0.951736244066961
3.2734375	0.999996327734083	2.61100758271294  0.959736193854078
3.28125	0.999996518675224	2.63203660801583  0.967757922186951
3.2890625	0.999996700075914	2.65329262601854  0.975801369117681
3.296875	0.999996872391828	2.67477823745232  0.983866475024438
3.3046875	0.999997036057982	2.69649607609304  0.991953180608862
3.3125	0.999997191489609	2.7184488091957  1.00006142689342
3.3203125	0.999997339083011	2.74063913793554  1.00819115521889
3.328125	0.999997479216369	2.76306979785483  1.01634230724176
3.3359375	0.999997612250521	2.78574355931644  1.02451482493174
3.34375	0.999997738529713	2.80866322796345  1.03270865056923
3.3515625	0.999997858382318	2.8318316451855  1.04092372674291
3.359375	0.999997972121524	2.85525168859153  1.04915999634724
3.3671875	0.999998080045998	2.87892627248922  1.05741740258008
3.375	0.999998182440521	2.90285834837136  1.06569588894029
3.3828125	0.999998279576593	2.9270509054088  1.07399539922534
3.390625	0.999998371713024	2.95150697095071  1.08231587752902
3.3984375	0.999998459096491	2.97622961103154  1.09065726823908
3.40625	0.999998541962073	3.00122193088542  1.09901951603493
3.4140625	0.99999862053377	3.02648707546766  1.10740256588539
3.421875	0.999998695024996	3.05202822998379  1.11580636304647
3.4296875	0.999998765639048	3.07784862042594  1.12423085305909
3.4375	0.999998832569566	3.10395151411676  1.1326759817469
3.4453125	0.999998896000963	3.13034022026129  1.14114169521412
3.453125	0.99999895610884	3.15701809050638  1.14962793984337
3.4609375	0.99999901306039	3.18398851950818  1.15813466229353
3.46875	0.999999067014773	3.21125494550761  1.16666180949764
3.4765625	0.999999118123487	3.23882085091401  1.17520932866078
3.484375	0.999999166530715	3.26668976289709  1.18377716725804
3.4921875	0.999999212373659	3.2948652539872  1.19236527303246
3.5	0.999999255782864	3.32335094268416  1.20097359399295
3.5078125	0.99999929688252	3.35215049407482  1.20960207841237
3.515625	0.99999933579076	3.3812676204592  1.21825067482545
3.5234375	0.999999372619937	3.41070608198569  1.2269193320269
3.53125	0.999999407476895	3.44046968729523  1.23560799906941
3.5390625	0.999999440463223	3.47056229417463  1.24431662526171
3.546875	0.999999471675504	3.50098781021912  1.25304516016673
3.5546875	0.999999501205547	3.53175019350454  1.26179355359962
3.5625	0.999999529140612	3.56285345326884  1.27056175562595
3.5703125	0.999999555563625	3.5943016506034  1.27934971655977
3.578125	0.99999958055338	3.62609889915434  1.2881573869619
3.5859375	0.99999960418474	3.65824936583352  1.29698471763797
3.59375	0.999999626528819	3.69075727153994  1.3058316596367
3.6015625	0.999999647653163	3.72362689189131  1.31469816424811
3.609375	0.999999667621921	3.75686255796613  1.32358418300175
3.6171875	0.999999686496006	3.79046865705629  1.33248966766491
3.625	0.999999704333252	3.82444963343046  1.34141457024097
3.6328125	0.999999721188561	3.85880998910834  1.35035884296758
3.640625	0.999999737114046	3.89355428464614  1.35932243831504
3.6484375	0.999999752159167	3.92868713993306  1.3683053089846
3.65625	0.999999766370856	3.96421323499937  1.37730740790677
3.6640625	0.999999779793645	4.00013731083591  1.38632868823969
3.671875	0.99999979246978	4.03646417022548  1.39536910336748
3.6796875	0.999999804439335	4.07319867858593  1.40442860689863
3.6875	0.999999815740317	4.11034576482556  1.41350715266439
3.6953125	0.999999826408769	4.14791042221068  1.42260469471719
3.703125	0.999999836478866	4.18589770924561  1.43172118732906
3.7109375	0.999999845983008	4.22431275056529  1.44085658499005
3.71875	0.999999854951909	4.26316073784082  1.45001084240671
3.7265625	0.99999986341468	4.30244693069792  1.45918391450057
3.734375	0.999999871398909	4.34217665764865  1.46837575640659
3.7421875	0.999999878930737	4.38235531703633  1.47758632347167
3.75	0.999999886034932	4.42298837799446  1.48681557125318
3.7578125	0.999999892734956	4.46408138141903  1.49606345551745
3.765625	0.999999899053033	4.5056399409551  1.50532993223837
3.7734375	0.99999990501021	4.5476697439975  1.51461495759586
3.78125	0.999999910626416	4.59017655270582  1.5239184879745
3.7890625	0.999999915920524	4.6331662050344  1.53324047996208
3.796875	0.999999920910396	4.67664461577684  1.54258089034822
3.8046875	0.999999925612942	4.72061777762566  1.55193967612294
3.8125	0.999999930044168	4.7650917622474  1.56131679447529
3.8203125	0.999999934219218	4.81007272137316  1.57071220279198
3.828125	0.999999938152422	4.85556688790492  1.58012585865606
3.8359375	0.999999941857338	4.90158057703779  1.58955771984552
3.84375	0.99999994534679	4.94812018739859  1.59900774433197
3.8515625	0.999999948632909	4.99519220220101  1.60847589027934
3.859375	0.999999951727164	5.04280319041722  1.61796211604258
3.8671875	0.999999954640404	5.09095980796666  1.62746638016632
3.875	0.999999957382882	5.1396687989221  1.63698864138361
3.8828125	0.999999959964294	5.18893699673306  1.64652885861466
3.890625	0.999999962393803	5.23877132546711  1.65608699096556
3.8984375	0.999999964680068	5.28917880106895  1.66566299772701
3.90625	0.999999966831273	5.34016653263829  1.67525683837315
3.9140625	0.999999968855149	5.39174172372557  1.68486847256024
3.921875	0.999999970759001	5.44391167364726  1.6944978601255
3.9296875	0.999999972549729	5.49668377881979  1.7041449610859
3.9375	0.999999974233849	5.55006553411308  1.71380973563693
3.9453125	0.999999975817514	5.60406453422381  1.72349214415146
3.953125	0.999999977306534	5.65868847506862  1.73319214717853
3.9609375	0.999999978706396	5.71394515519761  1.74290970544218
3.96875	0.999999980022277	5.76984247722857  1.75264477984034
3.9765625	0.999999981259065	5.82638844930206  1.76239733144364
3.984375	0.999999982421371	5.88359118655761  1.77216732149429
3.9921875	0.999999983513549	5.94145891263168  1.78195471140495
4	0.999999984539704	5.99999993438942  1.79175945829296
4.0078125	0.99999998550371	6.0592227504877  1.80158153285991
4.015625	0.99999998640922	6.11913589260342  1.81142089253637
4.0234375	0.999999987259681	6.17974803378221  1.82127749940578
4.03125	0.99999998805834	6.24106796339109  1.83115131571653
4.0390625	0.999999988808263	6.30310458875259  1.84104230388094
4.046875	0.999999989512338	6.36586693680312  1.85095042647417
4.0546875	0.999999990173286	6.42936415577525  1.86087564623316
4.0625	0.999999990793674	6.49360551690518  1.87081792605563
4.0703125	0.99999999137592	6.55860041616487  1.88077722899901
4.078125	0.999999991922301	6.62435837601967  1.89075351827944
4.0859375	0.999999992434966	6.69088904721198  1.90074675727072
4.09375	0.999999992915935	6.75820221057097  1.91075690950337
4.1015625	0.999999993367114	6.82630777884871  1.92078393866356
4.109375	0.999999993790296	6.89521579858385  1.93082780859217
4.1171875	0.999999994187169	6.96493645199214  1.94088848328378
4.125	0.999999994559324	7.03548005888525  1.95096592688571
4.1328125	0.999999994908258	7.10685707861753  1.96106010369708
4.140625	0.99999999523538	7.17907811206173  1.97117097816779
4.1484375	0.999999995542016	7.25215390361358  1.98129851489764
4.15625	0.999999995829414	7.32609534322634  1.99144267863535
4.1640625	0.999999996098747	7.40091346847485  2.00160343427762
4.171875	0.999999996351122	7.47661946665069  2.01178074686825
4.1796875	0.999999996587576	7.5532246768877  2.02197458159717
4.1875	0.999999996809087	7.63074059231943  2.03218490379959
4.1953125	0.999999997016574	7.70917886226808  2.04241167895503
4.203125	0.999999997210901	7.78855129446602  2.05265487268644
4.2109375	0.99999999739288	7.86886985731054  2.0629144507594
4.21875	0.999999997563277	7.9501466821512  2.07319037908109
4.2265625	0.999999997722807	8.03239406561192  2.08348262369955
4.234375	0.999999997872146	8.11562447194684  2.09379115080274
4.2421875	0.999999998011928	8.19985053543167  2.1041159267177
4.25	0.999999998142749	8.28508506279013  2.11445691790972
4.2578125	0.999999998265168	8.37134103565659  2.12481409098145
4.265625	0.999999998379711	8.45863161307534  2.1351874126721
4.2734375	0.999999998486871	8.5469701340369  2.1455768498566
4.28125	0.999999998587112	8.63637012005196  2.15598236954475
4.2890625	0.999999998680869	8.7268452777641  2.16640393888045
4.296875	0.999999998768552	8.81840950160063  2.17684152514083
4.3046875	0.999999998850543	8.91107687646372  2.18729509573552
4.3125	0.999999998927203	9.00486168046077  2.19776461820576
4.3203125	0.99999999899887	9.0997783876766  2.20825006022369
4.328125	0.99999999906586	9.19584167098561  2.21875138959152
4.3359375	0.999999999128471	9.29306640490717  2.22926857424075
4.34375	0.999999999186983	9.3914676685028  2.23980158223141
4.3515625	0.999999999241657	9.49106074831701  2.25035038175131
4.359375	0.999999999292738	9.59186114136216  2.26091494111523
4.3671875	0.999999999340457	9.6938845581473  2.27149522876421
4.375	0.99999999938503	9.79714692575333  2.28209121326478
4.3828125	0.999999999426659	9.90166439095321  2.29270286330822
4.390625	0.999999999465534	10.0074533233798  2.30333014770981
4.3984375	0.999999999501832	10.11453031874  2.31397303540815
4.40625	0.99999999953572	10.2229122020785  2.32463149546435
4.4140625	0.999999999567355	10.3326160310888  2.33530549706137
4.421875	0.999999999596882	10.4436590994758  2.3459950095033
4.4296875	0.999999999624439	10.5560589403671  2.35670000221464
4.4375	0.999999999650154	10.6698333297764  2.36742044473959
4.4453125	0.999999999674147	10.785000290119  2.37815630674135
4.453125	0.99999999969653	10.9015780937798  2.38890755800145
4.4609375	0.99999999971741	11.0195852667353  2.39967416841905
4.46875	0.999999999736885	11.1390405922295  2.41045610801025
4.4765625	0.999999999755046	11.2599631145058  2.4212533469074
4.484375	0.999999999771982	11.3823721425946  2.43206585535849
4.4921875	0.999999999787772	11.5062872541584  2.44289360372641
4.5	0.999999999802491	11.6317282993946  2.45373656248832
4.5078125	0.999999999816212	11.7587154049968  2.46459470223501
4.515625	0.999999999829	11.8872689781769  2.4754679936702
4.5234375	0.999999999840918	12.0174097107465  2.48635640760997
4.53125	0.999999999852022	12.1491585832613  2.49725991498202
4.5390625	0.999999999862368	12.2825368692274  2.50817848682513
4.546875	0.999999999872005	12.4175661393709  2.51911209428846
4.5546875	0.999999999880983	12.5542682659732  2.53006070863096
4.5625	0.999999999889343	12.6926654272703  2.54102430122072
4.5703125	0.999999999897129	12.8327801119199  2.55200284353436
4.578125	0.999999999904378	12.9746351235366  2.56299630715647
4.5859375	0.999999999911127	13.1182535852936  2.5740046637789
4.59375	0.99999999991741	13.2636589445967  2.58502788520022
4.6015625	0.999999999923257	13.4108749778273  2.59606594332514
4.609375	0.999999999928699	13.559925795159  2.60711881016387
4.6171875	0.999999999933763	13.7108358454458  2.61818645783153
4.625	0.999999999938475	13.8636299211854  2.62926885854761
4.6328125	0.999999999942858	14.0183331635576  2.64036598463531
4.640625	0.999999999946936	14.1749710675399  2.65147780852107
4.6484375	0.999999999950728	14.3335694870995  2.66260430273388
4.65625	0.999999999954255	14.4941546404665  2.6737454399048
4.6640625	0.999999999957534	14.6567531154847  2.68490119276635
4.671875	0.999999999960583	14.8213918750467  2.69607153415196
4.6796875	0.999999999963418	14.9880982626092  2.70725643699543
4.6875	0.999999999966053	15.1569000077943  2.71845587433033
4.6953125	0.999999999968501	15.3278252320754  2.72966981928951
4.703125	0.999999999970777	15.5009024545501  2.74089824510452
4.7109375	0.999999999972891	15.6761605978009  2.75214112510507
4.71875	0.999999999974856	15.8536289938456  2.76339843271851
4.7265625	0.999999999976681	16.033337390179  2.77467014146929
4.734375	0.999999999978376	16.2153159559067  2.78595622497843
4.7421875	0.99999999997995	16.3995952879719  2.79725665696297
4.75	0.999999999981412	16.5862064174792  2.8085714112355
4.7578125	0.999999999982769	16.7751808161137  2.8199004617036
4.765625	0.999999999984029	16.966550402659  2.83124378236935
4.7734375	0.999999999985199	17.1603475496156  2.84260134732882
4.78125	0.999999999986285	17.3566050899189  2.85397313077151
4.7890625	0.999999999987292	17.5553563237632  2.86535910697995
4.796875	0.999999999988227	17.7566350255277  2.8767592503291
4.8046875	0.999999999989095	17.9604754508101  2.88817353528591
4.8125	0.999999999989899	18.1669123435682  2.89960193640882
4.8203125	0.999999999990646	18.3759809433709  2.91104442834724
4.828125	0.999999999991338	18.587716992761  2.92250098584112
4.8359375	0.99999999999198	18.8021567447309  2.93397158372042
4.84375	0.999999999992576	19.0193369703133  2.94545619690466
4.8515625	0.999999999993128	19.2392949662898  2.95695480040242
4.859375	0.999999999993639	19.4620685630164  2.96846736931089
4.8671875	0.999999999994114	19.6876961323711  2.9799938788154
4.875	0.999999999994553	19.9162165958231  2.99153430418892
4.8828125	0.999999999994961	20.1476694326276  3.00308862079167
4.890625	0.999999999995338	20.3820946881455  3.01465680407059
4.8984375	0.999999999995688	20.6195329822922  3.02623882955891
4.90625	0.999999999996012	20.8600255181183  3.03783467287573
4.9140625	0.999999999996312	21.1036140905196  3.04944430972549
4.921875	0.99999999999659	21.3503410950853  3.06106771589761
4.9296875	0.999999999996847	21.6002495370809  3.07270486726602
4.9375	0.999999999997085	21.8533830405703  3.08435573978868
4.9453125	0.999999999997306	22.1097858576799  3.0960203095072
4.953125	0.99999999999751	22.3695028780057  3.10769855254638
4.9609375	0.999999999997699	22.6325796381655  3.11939044511375
4.96875	0.999999999997874	22.8990623315009  3.13109596349921
4.9765625	0.999999999998036	23.1689978179277  3.14281508407455
4.984375	0.999999999998186	23.4424336339405  3.15454778329305
4.9921875	0.999999999998324	23.7194180027718  3.16629403768904
5	0.999999999998452	23.9999997375577  3.17805381941285
-5	-0.999999999998452	-42755085114210.3 
-4.9921875	-0.999999999998324	-1.0810820487861 
-4.984375	-0.999999999998186	-0.547950079565647 
-4.9765625	-0.999999999998036	-0.37037741679138 
-4.96875	-0.999999999997874	-0.281697504518775 
-4.9609375	-0.999999999997699	-0.228577125236531 
-4.953125	-0.99999999999751	-0.19323862110664 
-4.9453125	-0.999999999997306	-0.168063068579384 
-4.9375	-0.999999999997085	-0.149241072187894 
-4.9296875	-0.999999999996847	-0.134656362612041 
-4.921875	-0.99999999999659	-0.123039236030138 
-4.9140625	-0.999999999996312	-0.113581753945727 
-4.90625	-0.999999999996012	-0.105745343219022 
-4.8984375	-0.999999999995688	-0.099157196199394 
-4.890625	-0.999999999995338	-0.0935510709149763 
-4.8828125	-0.999999999994961	-0.0887317712993372 
-4.875	-0.999999999994553	-0.0845529474455985 
-4.8671875	-0.999999999994114	-0.0809027311775578 
-4.859375	-0.999999999993639	-0.0776941598768576 
-4.8515625	-0.999999999993128	-0.0748586244788091 
-4.84375	-0.999999999992576	-0.0723412831849018 
-4.8359375	-0.99999999999198	-0.0700977856603584 
-4.828125	-0.999999999991338	-0.0680918907516568 
-4.8203125	-0.999999999990646	-0.0662937057908394 
-4.8125	-0.999999999989899	-0.0646783661983849 
-4.8046875	-0.999999999989095	-0.0632250321092527 
-4.796875	-0.999999999988227	-0.0619161166782209 
-4.7890625	-0.999999999987292	-0.060736686008373 
-4.78125	-0.999999999986285	-0.0596739878061773 
-4.7734375	-0.999999999985199	-0.0587170777008585 
-4.765625	-0.999999999984029	-0.0578565204498115 
-4.7578125	-0.999999999982769	-0.0570841491308709 
-4.75	-0.999999999981412	-0.0563928696479195 
-4.7421875	-0.99999999997995	-0.0557765009495775 
-4.734375	-0.999999999978376	-0.0552296436205881 
-4.7265625	-0.999999999976681	-0.0547475711843451 
-4.71875	-0.999999999974856	-0.0543261397142289 
-4.7109375	-0.999999999972891	-0.0539617123044674 
-4.703125	-0.999999999970777	-0.0536510956786517 
-4.6953125	-0.999999999968501	-0.0533914867737396 
-4.6875	-0.999999999966053	-0.0531804275712649 
-4.6796875	-0.999999999963418	-0.0530157667862675 
-4.671875	-0.999999999960583	-0.0528956272908181 
-4.6640625	-0.999999999957534	-0.052818378359792 
-4.65625	-0.999999999954255	-0.0527826119944132 
-4.6484375	-0.999999999950728	-0.0527871227135813 
-4.640625	-0.999999999946936	-0.0528308903114103 
-4.6328125	-0.999999999942858	-0.0529130651673216 
-4.625	-0.999999999938475	-0.0530329557667296 
-4.6171875	-0.999999999933763	-0.0531900181492086 
-4.609375	-0.999999999928699	-0.0533838470496143 
-4.6015625	-0.999999999923257	-0.0536141685380386 
-4.59375	-0.99999999991741	-0.0538808339982863 
-4.5859375	-0.999999999911127	-0.0541838153131187 
-4.578125	-0.999999999904378	-0.0545232011488097 
-4.5703125	-0.999999999897129	-0.0548991942524757 
-4.5625	-0.999999999889343	-0.055312109693829 
-4.5546875	-0.999999999880983	-0.0557623739990723 
-4.546875	-0.999999999872005	-0.0562505251390045 
-4.5390625	-0.999999999862368	-0.0567772133465449 
-4.53125	-0.999999999852022	-0.0573432027510249 
-4.5234375	-0.999999999840918	-0.0579493738281679 
-4.515625	-0.999999999829	-0.0585967266758767 
-4.5078125	-0.999999999816212	-0.0592863851370487 
-4.5	-0.999999999802491	-0.0600196018019154 
-4.4921875	-0.999999999787772	-0.060797763934054 
-4.484375	-0.999999999771982	-0.0616224003765416 
-4.4765625	-0.999999999755046	-0.0624951895079358 
-4.46875	-0.999999999736885	-0.063417968332208 
-4.4609375	-0.99999999971741	-0.0643927428026902 
-4.453125	-0.99999999969653	-0.0654216994979339 
-4.4453125	-0.999999999674147	-0.0665072187875055 
-4.4375	-0.999999999650154	-0.0676518896486447 
-4.4296875	-0.999999999624439	-0.0688585263209735 
-4.421875	-0.999999999596882	-0.0701301870167212 
-4.4140625	-0.999999999567355	-0.0714701949390399 
-4.40625	-0.99999999953572	-0.0728821619019084 
-4.3984375	-0.999999999501832	-0.0743700148929991 
-4.390625	-0.999999999465534	-0.0759380259771879 
-4.3828125	-0.999999999426659	-0.0775908460048267 
-4.375	-0.99999999938503	-0.0793335426676201 
-4.3671875	-0.999999999340457	-0.0811716435386024 
-4.359375	-0.999999999292738	-0.0831111848445333 
-4.3515625	-0.999999999241657	-0.0851587668531242 
-4.34375	-0.999999999186983	-0.0873216169188711 
-4.3359375	-0.999999999128471	-0.08960766142636 
-4.328125	-0.99999999906586	-0.0920256081066622 
-4.3203125	-0.99999999899887	-0.0945850404911237 
-4.3125	-0.999999998927203	-0.0972965266203896 
-4.3046875	-0.999999998850543	-0.100171744561558 
-4.296875	-0.999999998768552	-0.103223627824419 
-4.2890625	-0.999999998680869	-0.106466534436571 
-4.28125	-0.999999998587112	-0.109916444273259 
-4.2734375	-0.999999998486871	-0.113591190288703 
-4.265625	-0.999999998379711	-0.117510730624841 
-4.2578125	-0.999999998265168	-0.121697470264889 
-4.25	-0.999999998142749	-0.126176643066486 
-4.2421875	-0.999999998011928	-0.130976767805526 
-4.234375	-0.999999997872146	-0.136130195497213 
-4.2265625	-0.999999997722807	-0.141673770024331 
-4.21875	-0.999999997563277	-0.147649630397406 
-4.2109375	-0.99999999739288	-0.154106191364202 
-4.203125	-0.999999997210901	-0.161099350384066 
-4.1953125	-0.999999997016574	-0.168693984347823 
-4.1875	-0.999999996809087	-0.17696582055125 
-4.1796875	-0.999999996587576	-0.186003795824424 
-4.171875	-0.999999996351122	-0.195913059138722 
-4.1640625	-0.999999996098747	-0.206818832183628 
-4.15625	-0.999999995829414	-0.218871428202765 
-4.1484375	-0.999999995542016	-0.232252855816528 
-4.140625	-0.99999999523538	-0.247185624215602 
-4.1328125	-0.999999994908258	-0.263944656173287 
-4.125	-0.999999994559324	-0.282873668548755 
-4.1171875	-0.999999994187169	-0.304408105112361 
-4.109375	-0.999999993790296	-0.329107897856491 
-4.1015625	-0.999999993367114	-0.357705349056634 
-4.09375	-0.999999992915935	-0.391176954524171 
-4.0859375	-0.999999992434966	-0.430854403359649 
-4.078125	-0.999999991922301	-0.478602177762759 
-4.0703125	-0.99999999137592	-0.537113552950598 
-4.0625	-0.999999990793674	-0.610428597287992 
-4.0546875	-0.999999990173286	-0.704896172853362 
-4.046875	-0.999999989512338	-0.831097936962939 
-4.0390625	-0.999999988808263	-1.00808114601367 
-4.03125	-0.99999998805834	-1.27394066572854 
-4.0234375	-0.999999987259681	-1.71756500277983 
-4.015625	-0.99999998640922	-2.60562043267348 
-4.0078125	-0.99999998550371	-5.27143989784951 
-4	-0.999999984539704	267219281963814 
-3.9921875	-0.999999983513549	5.39696429042439 
-3.984375	-0.999999982421371	2.73118867783503 
-3.9765625	-0.999999981259065	1.84320636325085 
-3.96875	-0.999999980022277	1.39968447557767 
-3.9609375	-0.999999978706396	1.1339568322281 
-3.953125	-0.999999977306534	0.957135045168826 
-3.9453125	-0.999999975817514	0.831124393833984 
-3.9375	-0.999999974233849	0.736877793927728 
-3.9296875	-0.999999972549729	0.663813787564045 
-3.921875	-0.999999970759001	0.605583739835834 
-3.9140625	-0.999999968855149	0.558147837748926 
-3.90625	-0.999999966831273	0.518813090168329 
-3.8984375	-0.999999964680068	0.485715328257969 
-3.890625	-0.999999962393803	0.457523206193556 
-3.8828125	-0.999999959964294	0.433260602047545 
-3.875	-0.999999957382882	0.412195618797293 
-3.8671875	-0.999999954640404	0.39376876190327 
-3.859375	-0.999999951727164	0.377545058151605 
-3.8515625	-0.999999948632909	0.363181295322972 
-3.84375	-0.99999994534679	0.350403090426868 
-3.8359375	-0.999999941857338	0.33898851034189 
-3.828125	-0.999999938152422	0.328756160035343 
-3.8203125	-0.999999934219218	0.319556378694905 
-3.8125	-0.999999930044168	0.311264637329727 
-3.8046875	-0.999999925612942	0.303776521462425 
-3.796875	-0.999999920910396	0.297003872190841 
-3.7890625	-0.999999915920524	0.290871785336974 
-3.78125	-0.999999910626416	0.285316254198285 
-3.7734375	-0.99999990501021	0.280282300587692 
-3.765625	-0.999999899053033	0.275722480268633 
-3.7578125	-0.999999892734956	0.271595678286722 
-3.75	-0.999999886034932	0.267866130827618 
-3.7421875	-0.999999878930737	0.264502625596825 
-3.734375	-0.999999871398909	0.261477844016222 
-3.7265625	-0.99999986341468	0.258767816926006 
-3.71875	-0.999999854951909	0.256351471776518 
-3.7109375	-0.999999845983008	0.254210254059327 
-3.703125	-0.999999836478866	0.252327809363659 
-3.6953125	-0.999999826408769	0.250689715242324 
-3.6875	-0.999999815740317	0.249283254240304 
-3.6796875	-0.999999804439335	0.248097221132611 
-3.671875	-0.99999979246978	0.247121758749291 
-3.6640625	-0.999999779793645	0.246348217818717 
-3.65625	-0.999999766370856	0.245769037098987 
-3.6484375	-0.999999752159167	0.245377640738913 
-3.640625	-0.999999737114046	0.245168350351388 
-3.6328125	-0.999999721188561	0.245136309720482 
-3.625	-0.999999704333252	0.245277420421124 
-3.6171875	-0.999999686496006	0.245588286923299 
-3.609375	-0.999999667621921	0.246066169994316 
-3.6015625	-0.999999647653163	0.246708947413318 
-3.59375	-0.999999626528819	0.247515081179628 
-3.5859375	-0.99999960418474	0.248483590537505 
-3.578125	-0.99999958055338	0.249614030259394 
-3.5703125	-0.999999555563625	0.250906473732018 
-3.5625	-0.999999529140612	0.252361500478095 
-3.5546875	-0.999999501205547	0.253980187823899 
-3.546875	-0.999999471675504	0.255764106491411 
-3.5390625	-0.999999440463223	0.257715319955801 
-3.53125	-0.999999407476895	0.259836387465581 
-3.5234375	-0.999999372619937	0.262130370675853 
-3.515625	-0.99999933579076	0.264600843895756 
-3.5078125	-0.99999929688252	0.267251908000602 
-3.5	-0.999999255782864	0.270088208108619 
-3.4921875	-0.999999212373659	0.273114955172508 
-3.484375	-0.999999166530715	0.276337951688554 
-3.4765625	-0.999999118123487	0.279763621781619 
-3.46875	-0.999999067014773	0.283399045984554 
-3.4609375	-0.99999901306039	0.287252001096376 
-3.453125	-0.99999895610884	0.291331005576737 
-3.4453125	-0.999998896000963	0.295645371016333 
-3.4375	-0.999998832569566	0.300205260315861 
-3.4296875	-0.999998765639048	0.305021753312437 
-3.421875	-0.999998695024996	0.310106920714564 
-3.4140625	-0.99999862053377	0.315473907348106 
-3.40625	-0.999998541962073	0.321137025880284 
-3.3984375	-0.999998459096491	0.327111862380926 
-3.390625	-0.999998371713024	0.333415395306091 
-3.3828125	-0.999998279576593	0.340066129755529 
-3.375	-0.999998182440521	0.347084249170838 
-3.3671875	-0.999998080045998	0.35449178701624 
-3.359375	-0.999997972121524	0.362312821431637 
-3.3515625	-0.999997858382318	0.370573696384298 
-3.34375	-0.999997738529713	0.379303273491346 
-3.3359375	-0.999997612250521	0.388533219465858 
-3.328125	-0.999997479216369	0.398298335086647 
-3.3203125	-0.999997339083011	0.408636932746808 
-3.3125	-0.999997191489609	0.41959127105043 
-3.3046875	-0.999997036057982	0.43120805666733 
-3.296875	-0.999996872391828	0.443539025808051 
-3.2890625	-0.999996700075914	0.456641620356857 
-3.28125	-0.999996518675224	0.470579777044889 
-3.2734375	-0.999996327734083	0.48542485224938 
-3.265625	-0.999996126775239	0.501256710321586 
-3.2578125	-0.999995915298908	0.518165010112224 
-3.25	-0.999995692781782	0.536250733032565 
-3.2421875	-0.999995458675996	0.555628007175006 
-3.234375	-0.999995212408052	0.57642629655851 
-3.2265625	-0.9999949533777	0.598793043618461 
-3.21875	-0.999994680956779	0.622896878239055 
-3.2109375	-0.999994394488006	0.648931540197694 
-3.203125	-0.999994093283716	0.677120707083025 
-3.1953125	-0.999993776624562	0.707723981209227 
-3.1875	-0.999993443758151	0.741044373558361 
-3.1796875	-0.999993093897637	0.777437740359899 
-3.171875	-0.999992726220252	0.817324793594355 
-3.1640625	-0.999992339865788	0.861206543389638 
-3.15625	-0.999991933935007	0.909684373467742 
-3.1484375	-0.999991507488008	0.963486456551378 
-3.140625	-0.999991059542514	1.02350297526772 
-3.1328125	-0.999990589072107	1.09083377434116 
-3.125	-0.999990095004387	1.16685388276362 
-3.1171875	-0.999989576219065	1.2533052452673 
-3.109375	-0.999989031545989	1.35242776775402 
-3.1015625	-0.999988459763085	1.4671508457401 
-3.09375	-0.99998785959423	1.60138065758332 
-3.0859375	-0.999987229707048	1.76044416372731 
-3.078125	-0.999986568710613	1.95179950618875 
-3.0703125	-0.999985875153082	2.18622000849423 
-3.0625	-0.999985147519229	2.47986617648247 
-3.0546875	-0.9999843842279	2.85813370086636 
-3.046875	-0.999983583629368	3.36334946364689 
-3.0390625	-0.999982744002593	4.07170275382083 
-3.03125	-0.999981863552391	5.13557330871818 
-3.0234375	-0.999980940406495	6.91051544087195 
-3.015625	-0.999979972612514	10.4631945499544 
-3.0078125	-0.999978958134782	21.1269427155999 
-3	-0.999977894851102	-1.42516950380701E+15 
-2.9921875	-0.999976780549373	-21.5456933781787 
-2.984375	-0.999975612924094	-10.882079888249 
-2.9765625	-0.99997438957276	-7.32962530386473 
-2.96875	-0.99997310799212	-5.55499776244887 
-2.9609375	-0.999971765574317	-4.49153214015351 
-2.953125	-0.99997035960289	-3.78367447543302 
-2.9453125	-0.999968887248645	-3.27904546004814 
-2.9375	-0.999967345565382	-2.90145631359043 
-2.9296875	-0.999965731485487	-2.60858074331808 
-2.921875	-0.999964041815364	-2.37502372966866 
-2.9140625	-0.999962273230731	-2.18462552118916 
-2.90625	-0.999960422271747	-2.02661363347004 
-2.8984375	-0.999958485337987	-1.89353085000568 
-2.890625	-0.999956458683253	-1.78005122409681 
-2.8828125	-0.999954338410211	-1.68226968138773 
-2.875	-0.999952120464865	-1.59725802283951 
-2.8671875	-0.99994980063084	-1.5227776339228 
-2.859375	-0.999947374523499	-1.45708795880385 
-2.8515625	-0.999944837583858	-1.39881545776739 
-2.84375	-0.999942185072323	-1.34686187882828 
-2.8359375	-0.99993941206222	-1.30033873888959 
-2.828125	-0.99993651343313	-1.2585196751353 
-2.8203125	-0.999933483864016	-1.22080522798288 
-2.8125	-0.999930317826141	-1.18669642981959 
-2.8046875	-0.999927009575762	-1.15577473400157 
-2.796875	-0.999923553146616	-1.1276865772246 
-2.7890625	-0.999919942342163	-1.10213137412838 
-2.78125	-0.999916170727611	-1.07885208618727 
-2.7734375	-0.999912231621695	-1.05762774362387 
-2.765625	-0.999908118088214	-1.03826746476157 
-2.7578125	-0.999903822927323	-1.02060563481182 
-2.75	-0.999899338666567	-1.00449799060357 
-2.7421875	-0.999894657551658	-0.989818419225617 
-2.734375	-0.999889771536983	-0.976456323748078 
-2.7265625	-0.999884672275844	-0.96431444276332 
-2.71875	-0.99987935111042	-0.953307035668925 
-2.7109375	-0.999873799061443	-0.943358364673284 
-2.703125	-0.999868006817591	-0.934401419049799 
-2.6953125	-0.999861964724583	-0.926376838356402 
-2.6875	-0.999855662773968	-0.919232000011121 
-2.6796875	-0.999849090591619	-0.912920243386406 
-2.671875	-0.999842237425902	-0.907400207907552 
-2.6640625	-0.999835092135536	-0.902635266851393 
-2.65625	-0.999827643177119	-0.89859304189317 
-2.6484375	-0.999819878592332	-0.895244986133378 
-2.640625	-0.999811785994796	-0.892566025498024 
-2.6328125	-0.999803352556595	-0.890534250156439 
-2.625	-0.999794564994445	-0.889130649026576 
-2.6171875	-0.999785409555504	-0.888338881605372 
-2.609375	-0.999775872002829	-0.888145082323235 
-2.6015625	-0.999765937600455	-0.88853769341828 
-2.59375	-0.999755591098111	-0.889507322989287 
-2.5859375	-0.999744816715545	-0.891046625443085 
-2.578125	-0.999733598126471	-0.893150202021896 
-2.5703125	-0.999721918442121	-0.895814519496345 
-2.5625	-0.999709760194397	-0.899037845453213 
-2.5546875	-0.999697105318625	-0.902820198905268 
-2.546875	-0.999683935135895	-0.907163315211723 
-2.5390625	-0.999670230334984	-0.912070624531079 
-2.53125	-0.999655970953862	-0.917547243237834 
-2.5234375	-0.999641136360769	-0.923599977928202 
-2.515625	-0.999625705234861	-0.930237341821016 
-2.5078125	-0.999609655546418	-0.937469583533363 
-2.5	-0.999592964536606	-0.945308728380167 
-2.4921875	-0.999575608696797	-0.953768632516493 
-2.484375	-0.99955756374743	-0.962865050414804 
-2.4765625	-0.999538804616416	-0.97261571635016 
-2.46875	-0.999519305417082	-0.983040440758923 
-2.4609375	-0.999499039425643	-0.994161222544487 
-2.453125	-0.999477979058207	-1.00600237863217 
-2.4453125	-0.999456095847301	-1.01859069232971 
-2.4375	-0.999433360417915	-1.03195558233577 
-2.4296875	-0.999409742463065	-1.04612929456375 
-2.421875	-0.999385210718868	-1.06114711932015 
-2.4140625	-0.99935973293912	-1.07704763680564 
-2.40625	-0.999333275869388	-1.09387299440472 
-2.3984375	-0.999305805220598	-1.11166921981018 
-2.390625	-0.999277285642123	-1.13048657470971 
-2.3828125	-0.999247680694371	-1.15037995456363 
-2.375	-0.999216952820867	-1.17140934095158 
-2.3671875	-0.999185063319826	-1.19364031409375 
-2.359375	-0.999151972315219	-1.21714463449691 
-2.3515625	-0.999117638727329	-1.242000904288 
-2.34375	-0.9990820202428	-1.26829532073669 
-2.3359375	-0.999045073284164	-1.29612253681189 
-2.328125	-0.99900675297887	-1.32558664646025 
-2.3203125	-0.998967013127791	-1.35680231576089 
-2.3125	-0.998925806173226	-1.38989608535455 
-2.3046875	-0.998883083166388	-1.42500787476782 
-2.296875	-0.998838793734389	-1.46229272571092 
-2.2890625	-0.998792886046711	-1.50192282945497 
-2.28125	-0.99874530678118	-1.54408989342854 
-2.2734375	-0.99869600108943	-1.58900791478508 
-2.265625	-0.998644912561874	-1.63691644464393 
-2.2578125	-0.99859198319218	-1.68808444700623 
-2.25	-0.99853715334125	-1.74281488235584 
-2.2421875	-0.998480361700722	-1.80145017951271 
-2.234375	-0.998421545255981	-1.86437880293143 
-2.2265625	-0.998360639248701	-1.93204317980019 
-2.21875	-0.998297577138918	-2.00494932683195 
-2.2109375	-0.998232290566633	-2.08367861735353 
-2.203125	-0.998164709312972	-2.16890226487532 
-2.1953125	-0.99809476126089	-2.26139928370761 
-2.1875	-0.998022372355439	-2.36207894071727 
-2.1796875	-0.997947466563611	-2.47200906505062 
-2.171875	-0.997869965833755	-2.5924520796821 
-2.1640625	-0.997789790054594	-2.72491132869377 
-2.15625	-0.997706857013839	-2.87119130375756 
-2.1484375	-0.997621082356418	-3.03347689054847 
-2.140625	-0.997532379542339	-3.2144390317002 
-2.1328125	-0.997440659804185	-3.41737768367817 
-2.125	-0.99734583210427	-3.6464183836363 
-2.1171875	-0.997247803091466	-3.90678744423166 
-2.109375	-0.997146477057709	-4.20520509036016 
-2.1015625	-0.997041755894214	-4.55046004499078 
-2.09375	-0.996933539047404	-4.95427140939842 
-2.0859375	-0.996821723474582	-5.43262066150225 
-2.078125	-0.996706203599348	-6.00788285498722 
-2.0703125	-0.996586871266804	-6.71237861982993 
-2.0625	-0.996463615698547	-7.59459016547751 
-2.0546875	-0.996336323447476	-8.73070528936521 
-2.046875	-0.996204878352449	-10.2477053970491 
-2.0390625	-0.996069161492787	-12.3741591502837 
-2.03125	-0.995929051142677	-15.567206592052 
-2.0234375	-0.995784422725473	-20.8935115282615 
-2.015625	-0.995635148767941	-31.5530710647062 
-2.0078125	-0.995481098854461	-63.5458823867673 
-2	-0.995322139581219	6.41326276713154E+15 
-1.9921875	-0.995158134510414	64.4687544050218 
-1.984375	-0.994988944124515	32.4762071664931 
-1.9765625	-0.994814425780586	21.8170878185352 
-1.96875	-0.994634433664726	16.4913996072701 
-1.9609375	-0.99444881874664	13.2991459462359 
-1.953125	-0.994257428734382	11.1736636852631 
-1.9453125	-0.994060108029303	9.65781358154805 
-1.9375	-0.993856697681238	8.52302792117186 
-1.9296875	-0.993647035343962	7.6423263964397 
-1.921875	-0.993430955230956	6.9395224601256 
-1.9140625	-0.993208288071523	6.36613530784028 
-1.90625	-0.992978861067285	5.88984587227231 
-1.8984375	-0.992742497849101	5.48828082306333 
-1.890625	-0.99249901843445	5.14546056965484 
-1.8828125	-0.992248239185314	4.84966806587558 
-1.875	-0.99198997276661	4.59211681566359 
-1.8671875	-0.991724028105199	4.36608899726302 
-1.859375	-0.991450210349533	4.16636088220476 
-1.8515625	-0.991168320829965	3.98880970378981 
-1.84375	-0.990878157019788	3.83013846791791 
-1.8359375	-0.990579512497025	3.6876793923197 
-1.828125	-0.990272176907034	3.55925095624202 
-1.8203125	-0.989955935925966	3.44305224454548 
-1.8125	-0.989630571225125	3.33758370886758 
-1.8046875	-0.989295860436283	3.24158694927003 
-1.796875	-0.988951577117992	3.15399839567505 
-1.7890625	-0.988597490722943	3.07391328565493 
-1.78125	-0.988233366566433	3.00055736470833 
-1.7734375	-0.987858965795976	2.93326444520683 
-1.765625	-0.987474045362119	2.87145845723122 
-1.7578125	-0.987078357990514	2.81463897725448 
-1.75	-0.986671652155294	2.76236947415981 
-1.7421875	-0.98625367205381	2.71426769647025 
-1.734375	-0.985824157582785	2.66999776024865 
-1.7265625	-0.985382844315934	2.62926359784687 
-1.71875	-0.984929463483104	2.59180350322489 
-1.7109375	-0.984463741950994	2.55738556673148 
-1.703125	-0.98398540220551	2.52580383586899 
-1.6953125	-0.983494162335797	2.49687507213249 
-1.6875	-0.98298973602003	2.47043600002989 
-1.6796875	-0.982471832512993	2.44634096469951 
-1.671875	-0.981940156635514	2.42445993050299 
-1.6640625	-0.98139440876582	2.40467676559629 
-1.65625	-0.98083428483285	2.38688776752873 
-1.6484375	-0.980259476311599	2.37100039296262 
-1.640625	-0.979669670220542	2.35693216108072 
-1.6328125	-0.979064549121189	2.34460970549 
-1.625	-0.978443791119842	2.33396795369476 
-1.6171875	-0.977807069871595	2.32494941670156 
-1.609375	-0.977154054586638	2.31750357418719 
-1.6015625	-0.976484410038929	2.31158634303349 
-1.59375	-0.97579779657727	2.30715961900346 
-1.5859375	-0.975093870138865	2.30419088298173 
-1.578125	-0.974372282265392	2.3026528645877 
-1.5703125	-0.973632680121665	2.30252325714295 
-1.5625	-0.972874706516915	2.30378447897386 
-1.5546875	-0.972097999928765	2.3064234768908 
-1.546875	-0.971302194529939	2.31043156842986 
-1.5390625	-0.970486920217758	2.31580432009844 
-1.53125	-0.969651802646473	2.32254145944577 
-1.5234375	-0.968796463262489	2.3306468193032 
-1.515625	-0.967920519342523	2.34012831301849 
-1.5078125	-0.96702358403475	2.35099793995476 
-1.5	-0.966105266402972	2.36327182095042 
-1.4921875	-0.965165171473873	2.3769702638497 
-1.484375	-0.964202900287389	2.39211785962428 
-1.4765625	-0.963218049950243	2.40874361002344 
-1.46875	-0.962210213692685	2.42688108812359 
-1.4609375	-0.961178980928479	2.44656863360557 
-1.453125	-0.960123937318175	2.46784958508204 
-1.4453125	-0.9590446648357	2.49077255233749 
-1.4375	-0.957940741838313	2.51539173194344 
-1.4296875	-0.956811743139944	2.54176727038536 
-1.421875	-0.955657240087964	2.56996567960349 
-1.4140625	-0.954476800643407	2.60006031072612 
-1.40625	-0.953269989464677	2.63213189278635 
-1.3984375	-0.952036367994763	2.66626914438847 
-1.390625	-0.950775494551989	2.70256946766541 
-1.3828125	-0.94948692442433	2.74113973548364 
-1.375	-0.948170209967293	2.78209718476 
-1.3671875	-0.946824900705406	2.82557043101879 
-1.359375	-0.945450543437315	2.87170062201614 
-1.3515625	-0.94404668234451	2.92064275148975 
-1.34375	-0.942612859103685	2.97256715797661 
-1.3359375	-0.94114861300275	3.02766123833401 
-1.328125	-0.939653481060497	3.08613141129027 
-1.3203125	-0.938126998149919	3.14820537328893 
-1.3125	-0.936568697125191	3.2141346973824 
-1.3046875	-0.934978108952306	3.28419783637895 
-1.296875	-0.933354762843371	3.35870360436726 
-1.2890625	-0.931698186394541	3.43799522679928 
-1.28125	-0.930007905727592	3.52245506938386 
-1.2734375	-0.928283445635124	3.61251018126921 
-1.265625	-0.926524329729362	3.7086388198964 
-1.2578125	-0.924730080594557	3.81137816550626 
-1.25	-0.922900219942947	3.92133348530064 
-1.2421875	-0.921034268774268	4.03918907437616 
-1.234375	-0.919131747538776	4.16572138779991 
-1.2265625	-0.917192176303756	4.30181489252386 
-1.21875	-0.91521507492348	4.4484813189084 
-1.2109375	-0.913199963212582	4.60688319305507 
-1.203125	-0.911146361122801	4.77836280230342 
-1.1953125	-0.909053788923056	4.96447811501436 
-1.1875	-0.906921767382802	5.16704768281904 
-1.1796875	-0.904749817958615	5.38820725897752 
-1.171875	-0.902537462983956	5.63048186055955 
-1.1640625	-0.900284225862059	5.89687842225136 
-1.15625	-0.897989631261869	6.19100624872724 
-1.1484375	-0.895653205316985	6.51723550703773 
-1.140625	-0.893274475827527	6.88090855223324 
-1.1328125	-0.890852972464859	7.28862584096984 
-1.125	-0.888388226979099	7.74863906522714 
-1.1171875	-0.885879773409332	8.2714015420842 
-1.109375	-0.883327148296448	8.87035448747844 
-1.1015625	-0.880729890898522	9.56307618830093 
-1.09375	-0.878087543408649	10.3730057634279 
-1.0859375	-0.875399651175131	11.3321071611024 
-1.078125	-0.872665762923944	12.4851315580203 
-1.0703125	-0.869885430983367	13.8967213613667 
-1.0625	-0.867058211510683	15.6638422162974 
-1.0546875	-0.864183664720841	17.9388710242426 
-1.046875	-0.861261355116982	20.9757719845848 
-1.0390625	-0.858290851722703	25.2316838923752 
-1.03125	-0.855271728315962	31.6208883901054 
-1.0234375	-0.852203563664492	42.2767147329663 
-1.015625	-0.84908594176262	63.5991588647983 
-1.0078125	-0.845918452069347	127.588216979681 
-1	-0.84270068974759	-2.56530510685262E+16 
-0.9921875	-0.839432255904431	-128.433846666255 
-0.984375	-0.836112757832261	-64.4449735960099 
-0.9765625	-0.832741809250674	-43.1228376413232 
-0.96875	-0.829319030548979	-32.4674429768129 
-0.9609375	-0.825844049029189	-26.0787940039469 
-0.953125	-0.822316499149344	-21.8235618852795 
-0.9453125	-0.818736022767028	-18.7874654828552 
-0.9375	-0.815102269382926	-16.5133665972705 
-0.9296875	-0.81141489638428	-14.7473017181298 
-0.921875	-0.80767356928809	-13.3368947280539 
-0.9140625	-0.803877961983899	-12.185180862663 
-0.90625	-0.800027756976023	-11.2275186940191 
-0.8984375	-0.796122645625056	-10.4191581250343 
-0.890625	-0.792162328388496	-9.72813638950368 
-0.8828125	-0.788146515060328	-9.13101565528135 
-0.875	-0.784074925009414	-8.61021902936924 
-0.8671875	-0.779947287416506	-8.15230679957706 
-0.859375	-0.775763341509744	-7.74682726534949 
-0.8515625	-0.771522836798446	-7.38553046717331 
-0.84375	-0.767225533305043	-7.06181780022365 
-0.8359375	-0.762871201794986	-6.77034888433695 
-0.828125	-0.758459624004451	-6.50675565437994 
-0.8203125	-0.753990592865684	-6.26743103889919 
-0.8125	-0.749463912729804	-6.0493704723225 
-0.8046875	-0.744879399586902	-5.85005144751076 
-0.796875	-0.740236881283268	-5.6673408672286 
-0.7890625	-0.735536197735567	-5.49942298761703 
-0.78125	-0.730777201141808	-5.34474280588672 
-0.7734375	-0.725959756188913	-5.20196116454648 
-0.765625	-0.721083740256746	-5.06991883854887 
-0.7578125	-0.716149043618411	-4.94760757720513 
-0.75	-0.711155569636656	-4.83414657977967 
-0.7421875	-0.706103234956227	-4.72876325244426 
-0.734375	-0.700991969691978	-4.63077736543126 
-0.7265625	-0.695821717612614	-4.53958793065748 
-0.71875	-0.690592436319856	-4.45466227116778 
-0.7109375	-0.685304097422901	-4.37552686807964 
-0.703125	-0.679956686708001	-4.30175965796437 
-0.6953125	-0.674550204302999	-4.23298352072461 
-0.6875	-0.669084664836671	-4.16886075005044 
-0.6796875	-0.663560097592724	-4.10908833914371 
-0.671875	-0.657976546658275	-4.05339394630969 
-0.6640625	-0.652334071066691	-4.00153243025008 
-0.65625	-0.646632744934609	-3.95328286496946 
-0.6484375	-0.640872657593025	-3.90844596027432 
-0.640625	-0.635053913712271	-3.86684182677305 
-0.6328125	-0.629176633420779	-3.82830803474539 
-0.625	-0.623240952417462	-3.79269792475399 
-0.6171875	-0.617247022077599	-3.75987913482205 
-0.609375	-0.611195009552093	-3.72973231470751 
-0.6015625	-0.605085097859955	-3.70215000251458 
-0.59375	-0.598917485973922	-3.67703564278677 
-0.5859375	-0.592692388899069	-3.65430272847883 
-0.578125	-0.5864100377443	-3.63387405192747 
-0.5703125	-0.580070679786618	-3.61568105223229 
-0.5625	-0.57367457852806	-3.59966324839666 
-0.5546875	-0.5672220137452	-3.58576774922867 
-0.546875	-0.560713281531108	-3.57394883241494 
-0.5390625	-0.554148694329694	-3.56416758640151 
-0.53125	-0.547528580962327	-3.55639160977633 
-0.5234375	-0.54085328664666	-3.55059476378221 
-0.515625	-0.534123173007574	-3.54675697441865 
-0.5078125	-0.527338618080171	-3.54486408133804 
-0.5	-0.520500016304747	-3.54490773142563 
-0.4921875	-0.51360777851368	-3.54688531558822 
-0.484375	-0.506662331910174	-3.55079994787979 
-0.4765625	-0.499664120038811	-3.55666048667524 
-0.46875	-0.492613602747862	-3.56448159818152 
-0.4609375	-0.48551125614331	-3.57428386315814 
-0.453125	-0.478357572534555	-3.58609392832234 
-0.4453125	-0.471153060371775	-3.59994470455028 
-0.4375	-0.463898244174907	-3.6158756146687 
-0.4296875	-0.456593664454235	-3.63393289437907 
-0.421875	-0.449239877622579	-3.65416995068621 
-0.4140625	-0.441837455899066	-3.67664778313615 
-0.40625	-0.434386987204493	-3.7014354742308 
-0.3984375	-0.426889075048283	-3.72861075660575 
-0.390625	-0.41934433840704	-3.75826066597221 
-0.3828125	-0.411753411594733	-3.79048229047347 
-0.375	-0.40411694412452	-3.825383629045 
-0.3671875	-0.396435600562254	-3.8630845736585 
-0.359375	-0.38871006037169	-3.90371803305319 
-0.3515625	-0.380941017751454	-3.94743121881036 
-0.34375	-0.37312918146381	-3.99438711853107 
-0.3359375	-0.365275274655282	-4.04476618558685 
-0.328125	-0.357380034669189	-4.09876828061988 
-0.3203125	-0.349444212850166	-4.15661490692054 
-0.3125	-0.341468574340735	-4.21855179031439 
-0.3046875	-0.333453897870014	-4.28485186465067 
-0.296875	-0.325400975534636	-4.3558187369138 
-0.2890625	-0.317310612571977	-4.43179072204594 
-0.28125	-0.309183627125788	-4.51314555764807 
-0.2734375	-0.301020850004332	-4.60030593396001 
-0.265625	-0.292823124431129	-4.69374600643139 
-0.2578125	-0.284591305788429	-4.79399909880084 
-0.25	-0.276326261353527	-4.9016668566258 
-0.2421875	-0.26802887002805	-5.01743017832664 
-0.234375	-0.259700022060334	-5.14206233806551 
-0.2265625	-0.251340618761039	-5.27644482911129 
-0.21875	-0.242951572212135	-5.42158660741961 
-0.2109375	-0.234533804969402	-5.57864761659013 
-0.203125	-0.226088249758601	-5.74896774652131 
-0.1953125	-0.217615849165467	-5.9341027468531 
-0.1875	-0.209117555319681	-6.1358691233476 
-0.1796875	-0.200594329572987	-6.35640075082504 
-0.171875	-0.192047142171631	-6.59822093034322 
-0.1640625	-0.183476971923278	-6.86433503840198 
-0.15625	-0.174884805858601	-7.15835097509087 
-0.1484375	-0.166271638887711	-7.48463765261365 
-0.140625	-0.157638473451622	-7.84853631739103 
-0.1328125	-0.14898631916893	-8.25664646047365 
-0.125	-0.140316192477912	-8.71721894838053 
-0.1171875	-0.131629116274228	-9.24070641029719 
-0.109375	-0.122926119544425	-9.84054950954639 
-0.1015625	-0.114208236995463	-10.5343261136752 
-0.09375	-0.105476508680438	-11.3454750537493 
-0.0859375	-0.0967319796207445	-12.3059601202596 
-0.078125	-0.0879756994248498	-13.4605324609906 
-0.0703125	-0.0792087219039295	-14.8738345820877 
-0.0625	-0.0704321046845497	-16.642832354816 
-0.0546875	-0.061646908818629	-18.9199030333809 
-0.046875	-0.0528541983908957	-21.9590112963622 
-0.0390625	-0.0440550401240497	-26.2172965444211 
-0.03125	-0.0352505029818697	-32.6090411522962 
-0.0234375	-0.0264416577704696	-43.2675752345203 
-0.015625	-0.0176295767379393	-64.5928957220603 
-0.0078125	-0.00881533317258332	-128.584999924833 
0	9.99999971718069E-10	Infinity 
