1.1 1 900000000
main: total sum = 21.195120985635
 2.63 2.55
2.1 1 450000000
2.2 450000001 900000000
main: total sum = 21.1951209834131
 1.37 2.55
3.1 1 300000000
3.2 300000001 600000000
3.3 600000001 900000000
main: total sum = 21.1951209806355
 0.93 2.55
4.1 1 225000000
4.2 225000001 450000000
4.3 450000001 675000000
4.4 675000001 900000000
main: total sum = 21.1951209774874
 0.74 2.59
5.1 1 180000000
5.2 180000001 360000000
5.3 360000001 540000000
5.4 540000001 720000000
5.5 720000001 900000000
main: total sum = 21.1951209740616
 0.62 2.61
6.1 1 150000000
6.2 150000001 300000000
6.3 300000001 450000000
6.4 450000001 600000000
6.5 600000001 750000000
6.6 750000001 900000000
main: total sum = 21.1951209704131
 0.67 3.05
7.1 1 128571428
7.2 128571429 257142856
7.3 257142857 385714284
7.4 385714285 514285712
7.5 514285713 642857140
7.6 642857141 771428568
7.7 771428569 899999996
main: total sum = 21.195120962135
 0.66 3.01
8.1 1 112500000
8.2 112500001 225000000
8.3 225000001 337500000
8.4 337500001 450000000
8.5 450000001 562500000
8.6 562500001 675000000
8.7 675000001 787500000
8.8 787500001 900000000
main: total sum = 21.1951209625869
 0.65 3.07
